0.5372703152334524,
0.5703336625793162
0.5462117157260009
0.44328029688983258
0.43863170055201286
0.7734673616614489
0.5450894002208926
0.5239192215646841
0.4987736172041085
0.5065077187019448
0.5848863395898992
0.45715940531376356
0.5388833016119859
0.5546982510472108
0.5628878117158377
0.46070319124755368
0.47857691731285659
0.4827463288775058
0.4888942721786304
0.5417470705547862
0.4991038256032647
0.5029918220063672
0.47337594678400166
0.5510312465957458
0.49680018593725919
0.5098396498563992
0.48211969758413128
0.5661688802990357
0.5025363181795826
0.5437007658377461
0.4336796143400116
0.5258251481755415
0.5161391351248261
0.42338447311946617
0.5
0.6024429217528378
0.5353415759509457
0.5646955608194849
0.4882192245719693
0.5175675154181372
0.48159287317507357
0.5240856821555071
0.5001512750211297
0.4806750499057467
0.5998072023614384
0.4504330070825865
0.6107839881516715
0.514972483749684
0.5180945556300927
0.4792844287000978
0.593411214695421
0.6180863673931139
0.5737434893407131
0.5460280140716787
0.5467088214331591
0.5838360397741116
0.5145839077985313
0.6102051216272958
0.5919716901315247
0.5202099205722257
0.5385097631050008
0.47758434859677625
0.5150870617534445
0.5338745179440543
0.5703336625793162
0.5462117157260009
0.44328029688983258
0.43863170055201286
0.7734673616614489
0.5450894002208926
0.5239192215646841
0.4987736172041085
0.5065077187019448
0.5466700360342915
0.5703336625793162
0.5462117157260009
0.44328029688983258
0.43863170055201286
0.7734673616614489
0.5450894002208926
0.5239192215646841
0.4987736172041085
0.5065077187019448
0.5180439950992922
0.45715940531376356
0.5388833016119859
0.5546982510472108
0.5628878117158377
0.46070319124755368
0.47857691731285659
0.4827463288775058
0.4888942721786304
0.5417470705547862
0.4991038256032647
0.5029918220063672
0.47337594678400166
0.5510312465957458
0.49680018593725919
0.5098396498563992
0.48211969758413128
0.5661688802990357
0.5025363181795826
0.5437007658377461
0.4336796143400116
0.5258251481755415
0.5161391351248261
0.49792137733879929
0.7182247206506509
0.5179480028097822
0.5528268540088827
0.5395494294988577
0.5683884366067665
0.5952962467508975
0.4896735895723128
0.5619896460811359
0.5402724548127321
0.573088256762296
0.5649950927126808
0.5706820098677601
0.553785472200222
0.5210809407594916
0.5058053915957491
0.5080031377138615
0.5708792898313791
0.4633488395960638
0.5329584363582558
0.5188163993184015
0.5577490139383396
0.5395866333304397
0.49959717077679668
0.4943585521213748
0.5657443995595139
0.5344415331586337
0.5132906124896189
0.5189687886081402
0.5071921076480093
0.46060669675707385
0.46246923051144309
0.4956124890559246
0.4710201668634976
0.45821714298878049
0.5194658800218538
0.5359212744899654
0.4705684173119522
0.5316524223146413
0.45371226204016898
0.5546361044643678
0.5338075284516421
0.5780387490024622
0.5585025495042434
0.47730998786684378
0.5177777550379087
0.4072046424235261
0.6033480168403126
0.19783554249458039
0.5155774930346321
0.32450678163501325
0.4919635663501548
0.5145256063237387
0.46972451247831079
0.4041353840159802
0.5372678473470288
0.5516644131096001
0.5034857809031031
0.5090782090046619
0.5103360625273578
0.5245803087893207
0.562221332841609
0.4990430201722773
0.551265458378516
0.5703336625793162
0.5462117157260009
0.44328029688983258
0.43863170055201286
0.7734673616614489
0.5450894002208926
0.5239192215646841
0.4987736172041085
0.5065077187019448
0.5848863395898992
0.45715940531376356
0.5388833016119859
0.5546982510472108
0.5628878117158377
0.46070319124755368
0.524006677582435
0.5703336625793162
0.5462117157260009
0.44328029688983258
0.43863170055201286
0.7734673616614489
0.5450894002208926
0.5239192215646841
0.4987736172041085
0.5065077187019448
0.5848863395898992
0.45715940531376356
0.5388833016119859
0.5546982510472108
0.5628878117158377
0.46070319124755368
0.48951940969238297
0.5839455453029515
0.7182247206506509
0.5179480028097822
0.5528268540088827
0.5395494294988577
0.5683884366067665
0.5952962467508975
0.4896735895723128
0.5619896460811359
0.5402724548127321
0.573088256762296
0.5649950927126808
0.5706820098677601
0.553785472200222
0.5210809407594916
0.5058053915957491
0.5080031377138615
0.5083825727580197
0.4827463288775058
0.4888942721786304
0.5417470705547862
0.4991038256032647
0.49658269560968656
0.5030679122364353
0.5694232403763234
0.4915810356358488
0.5372098523983474
0.4958480245992161
0.553325594986438
0.5148544159066323
0.5469514093027553
0.4112797862236656
0.5258251481755415
0.5142083235218549
0.49552754603884538
0.7215522428583815
0.5179480028097822
0.5568755224912837
0.5529525116492986
0.5683884366067665
0.6060076643072956
0.48988104675573837
0.5503513275106869
0.5432800393869027
0.582800909681607
0.5652697507945066
0.6300549344890225
0.6056346722262113
0.5121788119645532
0.5069623280508202
0.5025017429845757
0.572222152626535
0.5081466044506564
0.6022086156578294
0.5408794708069786
0.5746006885893619
0.4938632200754348
0.5094515394059803
0.49271495852912008
0.5191146958530498
0.4970229134758373
0.4808847238038792
0.5945991122859313
0.46801445296579899
0.6202535995656815
0.5012008693626362
0.5372047466584476
0.4754678790008503
0.6039838784169329
0.6201714976311171
0.5973515304013852
0.5292230047901555
0.5483805417003684
0.6171557840971762
0.5145839077985313
0.6102051216272958
0.578380009035642
0.5338016016681084
0.5385097631050008
0.47758434859677625
0.5150870617534445
0.5455795596629106
0.5545111234227143
0.5462117157260009
0.444335118352612
0.43863170055201286
0.7734673616614489
0.5439050836830206
0.5124855805136535
0.48723431181083939
0.5061759868243788
0.5587699221869693
0.5545111234227143
0.5462117157260009
0.444335118352612
0.43863170055201286
0.7734673616614489
0.5439050836830206
0.5124855805136535
0.48723431181083939
0.5061759868243788
0.5334424949222064
0.44675674693482717
0.5420186526815509
0.5543422242311683
0.5628878117158377
0.46678943558953808
0.4770332652251549
0.49318441650371455
0.4982111060325571
0.5452258315387293
0.5113794057215301
0.4923981123352043
0.5030679122364353
0.5694232403763234
0.4915810356358488
0.5372098523983474
0.4958480245992161
0.553325594986438
0.5148544159066323
0.5469514093027553
0.4112797862236656
0.5258251481755415
0.5142083235218549
0.49552754603884538
0.7215522428583815
0.5179480028097822
0.5568755224912837
0.5529525116492986
0.5683884366067665
0.6060076643072956
0.48988104675573837
0.5503513275106869
0.5432800393869027
0.582800909681607
0.5652697507945066
0.6300549344890225
0.6056346722262113
0.5121788119645532
0.5069623280508202
0.5025017429845757
0.5878912299362827
0.46938316128702969
0.528323688377122
0.5180512075454169
0.5595261145722662
0.5511878079065988
0.5005104217025351
0.5150426446977304
0.5664383278268305
0.5330996941492822
0.5109893772955405
0.5149292366416031
0.49879472672397387
0.464377136399303
0.45990672340607399
0.4922268398184059
0.4617265502129887
0.4549279763696682
0.531225036305201
0.5609404601621775
0.47489565683442816
0.5375361611302342
0.44618079657082668
0.5569938450626333
0.5315842516442939
0.5780512514884688
0.5542130258062075
0.4774510073724507
0.5288823788221729
0.39601396146230785
0.6043994333837224
0.20444866829840203
0.5155774930346321
0.32450678163501325
0.4991933314972995
0.5005836501344106
0.5016804705529696
0.4254989060613689
0.5224256048822726
0.5404126759435165
0.48985926537146098
0.5217801966774626
0.5200583519804627
0.5302484040980224
0.5584695147812612
0.520483370024245
0.5676182153958044
0.5545111234227143
0.5462117157260009
0.444335118352612
0.43863170055201286
0.7734673616614489
0.5439050836830206
0.5124855805136535
0.48723431181083939
0.5061759868243788
0.6131405494859126
0.44675674693482717
0.5420186526815509
0.5543422242311683
0.5628878117158377
0.46678943558953808
0.4808652687418927
0.5911267885358148
0.46938316128702969
0.528323688377122
0.5180512075454169
0.5595261145722662
0.5511878079065988
0.5005104217025351
0.5150426446977304
0.5664383278268305
0.5358027404381411
0.5545111234227143
0.5462117157260009
0.444335118352612
0.43863170055201286
0.7734673616614489
0.5439050836830206
0.5124855805136535
0.48723431181083939
0.5061759868243788
0.516626163696562
0.5425334334796558
0.5261968526819408
0.44399760935614498
0.5911267885358148
0.46938316128702969
0.528323688377122
0.5180512075454169
0.5595261145722662
0.5511878079065988
0.5005104217025351
0.5150426446977304
0.5664383278268305
0.5330996941492822
0.5109893772955405
0.5149292366416031
0.49879472672397387
0.464377136399303
0.45990672340607399
0.4922268398184059
0.4617265502129887
0.4549279763696682
0.531225036305201
0.5609404601621775
0.47489565683442816
0.5375361611302342
0.44618079657082668
0.5569938450626333
0.5315842516442939
0.5780512514884688
0.5542130258062075
0.4774510073724507
0.5288823788221729
0.39601396146230785
0.6043994333837224
0.20444866829840203
0.5155774930346321
0.32450678163501325
0.4991933314972995
0.5005836501344106
0.5016804705529696
0.4254989060613689
0.5224256048822726
0.5404126759435165
0.48985926537146098
0.5217801966774626
0.5200583519804627
0.5302484040980224
0.5584695147812612
0.520483370024245
0.5989774623047686
0.5522562750763111
0.5278543103088368
0.5255550597364567
0.5491449883844164
0.49245584282588619
0.5009391615458231
0.514490218530238
0.5283689816584187
0.49778758108592266
0.4784605113247766
0.453815582063676
0.4837860986894014
0.47553111019293478
0.4768224001559309
0.42571523726867285
0.4335065639186056
0.4819768743719416
0.49023371370978827
0.43403154345384328
0.501950140231459
0.5005801445018809
0.4726095268174912
0.4867996586692323
0.45127995900449816
0.44074006186223438
0.49394120759880619
0.4690482147832743
0.2990348329917434
0.21534288583715389
0.4074608337900363
0.4348674528527546
0.4663985188242273
0.4971448466908145
0.5135015129353078
0.4359326165358324
0.39801747285020869
0.47429055091651248
0.5082642516401845
0.41344001058306159
0.4334562498168267
0.4666416281386323
0.46742813478280106
0.4887930866621363
0.4853164240453388
0.4913224328277567
0.4565400960932961
0.5442133072510925
0.4720965624768298
0.46184432012150036
0.427246883780213
0.5202112625078159
0.5140189062522481
0.5185600824192358
0.45002569187308985
0.48145167960085086
0.5118997929683538
0.5572408641400655
0.4828818942620181
0.544291965647804
0.4848088387894787
0.5879339611126995
0.5530987011704693
0.559658915775189
0.46376661381290187
0.528701345075415
0.5351793948698641
0.5393414562570525
0.499940539525673
0.5472940637949075
0.5109893772955405
0.5149292366416031
0.49879472672397387
0.464377136399303
0.45990672340607399
0.4922268398184059
0.4617265502129887
0.4549279763696682
0.5292638026532532
0.5007937327949928
0.5264338115706649
0.5463500369827227
0.5320564448662207
0.5089527270370855
0.5110710692337889
0.5594606393286922
0.3666858962356573
0.43448711713681467
0.5992712414764964
0.6420955199966645
0.5487518886194157
0.4610481618879196
0.3603168172435474
0.29717604639631908
0.49491191247375357
0.4818787347515214
0.5207808490120829
0.5217762697533954
0.5413537435978252
0.5381015859151703
0.38116392744452079
0.5258470801166884
0.51130455021615
0.6042532941121044
0.5770491100926903
0.5751748664332959
0.47781518599951097
0.5796515729270754
0.48780240981343267
0.5166120570819434
0.5286449903568048
0.4728820409781516
0.465072201096295
0.5158217566129668
0.5158285993632729
0.5307042270899175
0.4636317409710251
0.4875032648133333
0.5480275055336717
0.5446373779412486
0.5264996541565929
0.54146306658261
0.5325795357476829
0.4846374352546344
0.5187625146065922
0.5005755081940353
0.4268230551998819
0.5447842396670956
0.5513116407991666
0.5554697999511503
0.584475964772431
0.5896567582902944
0.501342772927462
0.5244405847198158
0.5533550635284018
0.5563693805913842
0.534108756635099
0.6088658178774418
0.5338115101746704
0.48786537639526447
0.47042400318696706
0.5874877609890257
0.5353711751189151
0.520482733925555
0.4777130859967402
0.5059461017820308
0.5327820151377304
0.4872750982448179
0.45734541150581145
0.5335683031443108
0.6236045922909159
0.5889033269921544
0.5466134696107815
0.40979804324988
0.5379602966704307
0.4641293878381121
0.5827215841683885
0.4726221533558949
0.4854994347915359
0.5559368258365347
0.5476484819949025
0.673641536785931
0.5751481001914937
0.39009092053516866
0.5006578231561234
0.49137494522645078
0.614785364010111
0.5257764457567588
0.4976426712546219
0.5104860697172314
0.5955591578118822
0.5959104372037002
0.5368364777955745
0.5762242150899262
0.5119656398929879
0.5235646248839647
0.516800991690759
0.5065906448230616
0.5232972705370398
0.5559094609235404
0.5419695305738945
0.5833920492292691
0.5965878826263987
0.5175879370410016
0.6611530302389259
0.5979198966934194
0.5376424068534905
0.4970887653524352
0.5995221185745162
0.5540967940641114
0.47500749475330225
0.5847441547890687
0.5283009575132419
0.510051591122465
0.5949129776344759
0.5974015840590906
0.5525610148137917
0.45195625476573328
0.4849445512023361
0.41353498681770797
0.5151931079852288
0.5648200751521642
0.6624724840794005
0.5468694498642178
0.5270841485569566
0.5396170761938695
0.48506848645305397
0.637909446386614
0.46257294038411286
0.645929195629379
0.5351882012591013
0.5845071818190883
0.6099804361211467
0.5978374640505344
0.7311936739471291
0.5093614893051658
0.5327572657697917
0.5802620306104601
0.5258672392461342
0.6035540165570944
0.6045156126079287
0.583416580367837
0.6074333099825657
0.6151873916547354
0.6074098247962244
0.6096800801901583
0.4970659463289087
0.630862207290472
0.6310277921709226
0.6268555847622803
0.6407912057464261
0.5784887134002528
0.5388122041830925
0.5821069343999505
0.5727915829876341
0.5667623889692594
0.5186460600009566
0.5599613732644024
0.5596581922538227
0.5657455330101425
0.5880869095766634
0.5110381910397039
0.4603817068866937
0.5911961130964626
0.5649615585056745
0.5219761128185576
0.558124909077079
0.6167277714701649
0.5423391599549374
0.47681966257454685
0.5958232208119279
0.6344663452986737
0.501540596741228
0.5675810771053549
0.6635340303217759
0.7083428012000789
0.6314169224136873
0.6540368755916951
0.7744466417640259
0.6093577224249878
0.5556908439432757
0.6127425258864393
0.5595947073891021
0.5624208311788671
0.532645146666633
0.51084373063875
0.6140299822458856
0.6484151981029191
0.6896636293839343
0.6011432151773085
0.6262426812902319
0.5762852931531679
0.5830301560148634
0.6458032733604017